5.095808383233534; 
6.007246376811595; 8.925729493470062; 
5.3422918831022175; 7.272863678310508; 6.597453236056294; 7.907857817692081; 19.35685635547646; 18.843938294848627; 9.72032211557619; 9.749869538783976; 4.679994681398718; 10.351150803953276; 6.415753734452735; 9.830045814956538; 5.480988894728009; 8.443981642807646; 10.418339648877769; 8.992557611041176; 8.069210846464568; 6.958622621885881; 16.756679419819633; 10.68055325002415; 8.549693855564023; 17.190456336266507; 8.874204544999587; 11.652986223327476; 13.232111316049068; 11.651999171721888; 12.499410618378075; 6.748498613782658; 14.573159812828491; 10.289558906249681; 17.764540312969068; 10.426152876242325; 10.861991871791766; 9.604155664907276; 20.986467007939275; 8.26882892469323; 11.726356947384488; 15.947604472985986; 6.195010306073988; 9.044214890436479; 17.213121648774266; 13.932153700197706; 11.220304656915866; 17.238015961354925; 15.518924111136482; 12.98422987244706; 8.15120294447566; 8.924197182609724; 9.586397139787556; 12.830171240439952; 10.024596477187778; 8.067717977296404; 6.924364082082597; 11.31209466827675; 16.43847804794588; 13.233210956294705; 5.932908725835425; 20.837787199013274; 9.460446701991229; 12.202784186466044; 16.032448968465545; 17.444801181806277; 13.191054541120469; 9.547364896038237; 10.557873560597251; 20.43084200567981; 13.88422696063576; 15.767806685895966; 7.712230260040312; 17.57780906200788; 14.937990000135223; 25.133162568940932; 17.902956714663212; 11.0551237543208; 16.85556357729249; 11.52685866752405; 7.238162367596344; 10.298504991741863; 11.235464380894724; 11.823534323698683; 9.8850979857788; 7.23019514272751; 13.041860592613519; 9.473813855578266; 11.533108246726032; 10.99151719748441; 11.331261040176786; 10.878878259599547; 12.287888666154554; 6.015823404151444; 15.06807915295625; 14.176315312208517; 9.513768837375583; 15.891536642025308; 8.343084788628737; 10.148866519493652; 13.061200098616808; 24.31627471273672; 10.837637775348805; 7.626915453233963; 11.394969619782373; 14.978640403943485; 10.955910395137746; 8.471206453316425; 24.753630050292678; 6.724681051389406; 17.490301280405305; 12.1383719873736; 14.284800093523671; 9.537805001446774; 13.091143377192129; 10.962986166069463; 10.514447395287224; 13.532342506213652; 11.626273725612233; 11.43491904799905; 10.08820696684026; 13.529114182183642; 11.638550475358102; 12.765203252842188; 15.053241910729582; 11.661693233635296; 10.148347031497742; 13.26930334321718; 9.001634822480632; 20.52328984780463; 7.258640579325825; 10.998071297765552; 12.968615899410596; 15.197894123403465; 20.65714710807812; 13.265780842280169; 12.32329986950878; 13.83659937538886; 18.226423163816744; 13.93834039513006; 17.622840896542495; 13.056680340974005; 10.718961225530094; 8.796589585061225; 9.941549067966042; 8.378213133398267; 13.993003928310847; 11.123334283922148; 23.373122810330322; 16.53825415648491; 11.682191151137644; 11.402792556940327; 10.844428042734737; 9.165923305855982; 7.8631123416460165; 13.626918091226262; 11.804692740046544; 12.721546668422375; 11.895040661498948; 15.172411203588418; 9.028113896335178; 9.51549910477508; 20.567252372104328; 13.595057362084052; 16.833239532915947; 17.56448630268459; 7.265544003899638; 7.485536284521533; 17.245225056744935; 8.453913040352694; 8.815497850199412; 15.160512945120436; 7.229812925998285; 19.25964406007637; 15.985183289881038; 13.286112480764443; 10.690101151286566; 13.62397615765447; 15.243733753316446; 10.470668476657988; 7.280402576478484; 11.370961727897381; 9.91258745341828; 7.465604339106086; 6.089803964449092; 9.57975185857787; 14.470227103220212; 13.397389904650996; 14.053157507829484; 12.196793284172823; 10.631966314566611; 13.102798280697954; 11.245142778776103; 13.682448670565527; 12.289197386495585; 10.880431075096435; 9.838350821290165; 13.35770495948669; 5.491227406116859; 11.760094798403905; 8.08086912082672; 21.72980596501946; 
6.633587786259542; 
5.360790230562499; 5.31812293786464; 
6.507246376811595; 5.31812293786464; 
4.952662721893491; 
4.7045816124446045; 5.890482805887979; 
5.325; 4.339677602181801; 
5.803252443545668; 18.689655276070127; 
8.175925925925926; 4.959647877560265; 7.562858119285836; 13.57742976846631; 6.931598096725049; 10.698454039888667; 5.3473843684658355; 21.09825252152786; 8.530733789922175; 7.673635867399862; 15.073103685310077; 5.826511620717618; 16.191185432087178; 5.153944869570777; 
6.94488188976378; 4.959647877560265; 7.417440762848795; 9.430173988399286; 4.553579947487895; 6.4667844421274765; 5.826432821961963; 5.205320796821028; 7.908225667541278; 7.256456748259625; 7.946609686024874; 6.081853392669949; 
7.6752136752136755; 5.31812293786464; 6.897096613243455; 5.578674066246533; 5.198641355033535; 4.7679737923143435; 6.510652334785192; 15.350503555597365; 
5.307334594359539; 5.890482805887979; 6.483359276324751; 20.097658312500002; 8.49066967414692; 5.121419143467796; 9.911513208126948; 10.733485314902058; 4.89781623380958; 
5.095808383233534; 4.107517706434765; 6.557643812654575; 17.136965524224614; 6.575180949334685; 8.374311211537076; 21.884836241957423; 10.765218356238531; 7.127152860821792; 10.946796412998776; 5.311709859850914; 13.017944069646022; 10.954870456442912; 10.852437134247676; 9.662701687903562; 7.767539843024466; 8.124583417366221; 6.648253393540823; 14.91781459413972; 13.641539399468147; 15.707120073794316; 6.740697530224931; 6.343169810586595; 7.8589578002932585; 5.358796232206774; 11.366198454975397; 12.711148795912433; 13.582005328339616; 6.879911873036171; 10.786554636069887; 8.334815775139678; 14.066198546324532; 21.206619675201996; 9.236271867785003; 9.050234234459706; 6.690635178382607; 7.328713476739591; 14.527161611073378; 9.231154944444704; 13.539865753092341; 17.521783908113967; 18.30157160875565; 12.937392019875759; 8.895978736696689; 16.820291626344325; 9.87317307892318; 9.86427422822837; 9.878468268021809; 12.662957767911236; 7.944641592992491; 11.587799638278474; 11.368042116317511; 7.8857510060452025; 7.698043895375597; 12.758894911120251; 19.261868245943518; 4.77884695887181; 11.690338794809993; 11.472579843017417; 8.914382833776934; 11.713413627821755; 13.952365598121895; 11.7724346099929; 10.17062255843549; 10.654475667202894; 8.794854065774885; 17.324606594585397; 9.078168100125513; 9.453011171996511; 7.223207135033341; 26.084418346266855; 23.652070593672228; 15.796762657821075; 7.414320859384574; 14.844672322470782; 11.115892940925008; 10.674098269439867; 8.831371206453488; 12.694551454201262; 9.340533136832672; 11.56885172516516; 16.07683213231405; 8.875164557441924; 7.793250203716897; 15.306841065201358; 9.047584627225858; 10.321214416739732; 15.247153409071746; 10.64739238389151; 14.21975919073329; 19.63218133997083; 16.190611515292762; 22.728513195241646; 23.40474057245103; 29.302347069566913; 9.68880952022263; 15.631338383352526; 10.799033066303867; 15.746279375015533; 7.433801421492852; 12.81299736919442; 11.707023364461822; 11.77153703378412; 7.954275128317394; 8.069410206100066; 11.454534477902854; 11.766729766890093; 15.132278941410291; 14.36109928775854; 7.116270967960475; 11.84330866295441; 8.544244709536352; 9.006693825377493; 10.862005323504361; 
5.512499999999998; 4.33408629321835; 7.774390167352956; 8.771635791472058; 6.087179370705618; 6.077107685034124; 10.481737669877084; 13.378861203074635; 6.314091627078067; 10.59353823440694; 8.482872349724087; 13.276518316464978; 7.485109946948282; 11.551652393009785; 17.86027046655171; 10.592884559374287; 18.470616327182555; 12.758915902600208; 4.6910094300040335; 10.020092317273381; 
5.1017964071856285; 5.31812293786464; 
6.180451127819549; 4.339677602181801; 
8.175925925925926; 4.854298244619699; 
8.320754716981131; 4.959647877560265; 
5.1420118343195265; 4.476041238545437; 9.637456197768508; 
6.694757727652465; 5.890482805887979; 5.412910070769698; 6.601693447762297; 20.70742446790399; 6.526982385366841; 7.20644570637545; 14.892387058935242; 12.906993240731378; 12.341142898674109; 9.602586422514468; 5.527284083096523; 5.052322861711295; 10.011426987395994; 18.355399663072582; 12.673925491302535; 9.469101512795788; 7.2913125848206315; 7.21530550599405; 11.464489964060727; 8.084987595732459; 15.063649298354143; 12.048010477876808; 6.482782187343656; 6.2216897096405805; 10.031190691036125; 11.88956641949675; 7.838006032659758; 10.60434906559327; 9.89571601818684; 16.98061612817994; 8.495846817856773; 6.9949436158009695; 12.828127313401179; 17.47118360193477; 12.670812213346984; 10.163275372371254; 9.333065093058796; 15.768500525176366; 7.938868651292211; 12.708983151004617; 17.044537523796194; 9.515623199366454; 11.1864004836665; 15.295626705311019; 11.690511024265689; 17.223725462018248; 19.589618885454527; 5.7099825088089915; 9.504089278232902; 10.661352465594739; 11.590720606214834; 13.888628886063284; 8.313399426467694; 7.563613252972018; 11.064725862347384; 15.98180981216639; 22.066531684332723; 16.05455944682573; 8.691215391502775; 19.445335160584747; 26.548379306087547; 12.27540719599914; 11.337489990246507; 14.225498283981954; 8.665495813727174; 10.742625864990734; 20.55310460012346; 20.717214100230418; 24.485399196809084; 6.560232301144902; 16.401569694365207; 7.820770744178003; 9.479157480092448; 7.838383183297218; 8.14639057545189; 8.745277549193158; 10.86090865713238; 12.086695015393804; 14.28420790259242; 12.109282537362429; 9.66826181868182; 9.996230018275067; 6.737417009640643; 7.757567195807296; 9.122699921160363; 6.249974872325588; 13.403764505234994; 7.445916401167945; 17.766050287322827; 11.161017345636816; 13.258280591912204; 11.39805276944768; 8.147232983742516; 7.982453033723384; 9.542157575004474; 23.40474057245103; 10.73890945123901; 7.730095401429017; 7.483655661642974; 8.748972131214554; 11.116907885691376; 10.119721917649489; 8.892712871961422; 7.710473264462522; 15.317771499674713; 17.101431725144494; 6.8421064270806475; 10.67821643161767; 19.750094002238; 8.645520090454408; 14.851865204920292; 14.425906740632444; 16.420702145353708; 17.29450392379794; 14.319686074180801; 19.00425581117265; 16.098143025891602; 16.791737743294533; 9.731631477199723; 12.075067939652808; 11.925363730917137; 13.162776720164644; 19.664184754745946; 13.220399766779085; 17.567113242074235; 12.456323434754868; 11.431510667788537; 14.578963861581212; 14.47702168969126; 21.43632622539071; 12.734001332083793; 13.226885626425565; 14.603859605419423; 10.760720992601536; 11.326227508595476; 11.808212204549491; 8.447726821601718; 10.55245800027273; 7.428515899182198; 9.445829572326803; 17.949875293011054; 27.9942026583605; 8.374859042356361; 13.26820571121306; 15.904487111572566; 10.922595810989831; 7.050021363436691; 7.997418555881302; 12.780830650467177; 14.796201435325699; 7.8292473240747125; 9.030664667101238; 14.375934238800964; 10.230115727907279; 8.50957922940205; 16.25201901072979; 14.463901888757164; 21.416170987774898; 12.179720178666734; 7.362633028336431; 12.11562191644962; 10.774022111218827; 11.70358197950911; 18.0006748748132; 12.847651131417233; 10.003296219358466; 14.806467028875794; 13.52807019773143; 17.652685666038593; 11.21122216059914; 12.092640757094085; 8.610078938908721; 9.101149425467845; 10.977224928929763; 11.25749059676762; 9.564943819547008; 10.330541075303445; 14.100804315419929; 9.549037482022278; 9.207730740421104; 8.055975967080027; 7.392564105813638; 17.711179390137538; 18.616536465238568; 21.16080602294742; 12.077700241250394; 13.896296850852892; 13.235169270529628; 14.942419800188956; 15.918094275401854; 7.2771277492850945; 10.056438001292555; 7.250053127104549; 9.605837330506333; 12.156070688242247; 10.252582101216973; 
5.85; 13.324589356552242; 8.771635791472056; 6.701542323755151; 8.321614807858321; 14.701739770119437; 9.534540395452758; 11.569886874375753; 12.51338280727455; 9.39234117043766; 35.86653075250321; 6.375330181958592; 11.089495841471425; 10.149677285076747; 20.62270453087159; 7.054662769970443; 6.062147101480974; 
8.175925925925926; 8.925729493470062; 
6.633587786259542; 4.781236043740242; 18.766518691848475; 10.638401707725947; 5.739073567890607; 4.287378070971157; 15.350503555597365; 15.726373482544997; 7.787974970315617; 7.288456748259625; 5.897546425762456; 15.699586077486426; 8.748334556717255; 8.879266746202644; 10.577749262039159; 11.19249960618026; 11.014203509214337; 11.31444634453542; 12.791754175063735; 8.84837581950682; 6.060476747536832; 11.493160438384683; 23.09157550953432; 8.488372818111488; 9.067969059177088; 8.661669698147701; 11.598815001532275; 10.668008267260328; 10.679375602170182; 16.5346694266901; 13.415313142895524; 12.018851107682536; 9.256818418281878; 12.040945477586398; 5.935129983306741; 7.498306493440847; 13.539865753092341; 12.915676002672603; 9.44344606822695; 
5.485687138030888; 7.547682073607923; 13.607053735587074; 8.571869387033315; 10.698454039888667; 13.876118491377726; 10.733485314902058; 9.903325984201288; 6.796066751378139; 14.186043805701502; 22.377451126314135; 19.84919003367102; 8.080041789543316; 9.340591984679074; 17.101653097987896; 14.321420130968258; 7.54062554683806; 11.097531592248082; 10.073390133339725; 
6.007246376811595; 3.968308617787004; 
6.94488188976378; 
8.320754716981131; 4.339677602181801; 
6.180451127819549; 4.884352882352211; 5.904819735397696; 11.456452830729894; 9.252742169917525; 13.135132625054887; 8.711653044577043; 4.373096478821852; 
5.4344372185957015; 4.978437721405127; 5.412910070769698; 6.283699330948313; 10.638401707725947; 9.577398076263549; 6.035740819211763; 8.521486415431717; 7.712139332509304; 6.803896773806276; 14.57916742361199; 19.37505465524288; 6.806288064685013; 4.896083234350652; 5.77498100767378; 7.198326798175004; 15.235747342010352; 15.81497682567676; 9.009942158062893; 11.021285403621057; 19.54495381401083; 10.454233188418952; 10.91773110476128; 6.697027008307279; 8.240281220924594; 13.903365645651299; 9.398086045477713; 12.088204108936527; 23.273869139117448; 5.974842275008022; 15.2394582372288; 10.582273459946387; 9.222827726323027; 10.09920943195591; 12.145783356468723; 14.279664035047919; 9.040379151318126; 6.859431084187056; 10.483141261873977; 15.992475073518817; 9.737888489408473; 24.41187970249775; 7.900590707635317; 14.033611606339829; 16.960468025471293; 15.312267674061731; 14.423214356153835; 13.355356665529644; 13.228152677678661; 7.758310745708047; 8.06153029577537; 17.161431116166604; 13.015091262977696; 17.254220087784958; 10.127400908846322; 10.78039857572048; 12.364318773476741; 7.811528201584397; 5.207518517741651; 25.091285188025836; 8.17630081258493; 9.45092898750637; 11.126036202745665; 16.503848906444748; 9.202682379636308; 12.655291550142257; 12.281628614780182; 10.44728226402112; 6.1746208466644115; 10.472545382125457; 16.77038987206088; 10.787744657822063; 6.314708913372976; 14.435876699181637; 14.268140883477685; 10.020112482386942; 10.439249959774925; 10.018942271015202; 7.161291522328998; 8.783063373432759; 7.5861502569701695; 11.180868639030944; 12.27171936217994; 11.293533414817782; 9.40676458401736; 9.556595066612564; 9.28580000226109; 7.054759364237998; 8.257838215757259; 15.925552695559182; 18.745538685317634; 8.993235764019829; 11.92888453717047; 12.003003912964445; 10.501503862001632; 16.708488410865407; 15.849103541573424; 8.686741811378088; 12.340962874834464; 13.311429794781214; 7.7590848973842474; 10.242538019300003; 16.98908658499565; 8.713123668533257; 12.498378911352273; 12.30745004521179; 20.866941696047476; 10.40118721903971; 10.010353028343285; 10.89101983252857; 9.259765865310005; 10.05639374203011; 16.562226097227576; 9.939035881307085; 17.17326518891694; 12.82717641362964; 12.49738928490532; 17.50577695571905; 21.587467447423972; 17.329559682289414; 13.988327237658899; 13.419003221494956; 10.19749312883757; 12.708334012439673; 10.889644353776527; 8.899389723818977; 8.013240119088422; 6.82008301300973; 6.979172711815441; 
6.639097744360902; 4.981058807999981; 14.980794748478193; 8.41745398408579; 8.814030757050942; 11.843444018903554; 5.835430611489196; 5.193857980469417; 5.8953366482252285; 9.95424027373474; 8.662196328415197; 9.472938300047833; 9.010075296841805; 9.739952766179595; 7.096355582877576; 13.055184583913562; 14.285142392082504; 11.662728397706363; 9.0910077917593; 10.264836665594654; 18.727104548016086; 8.950544307037692; 12.113876578367865; 10.92800792375542; 6.304140179727203; 7.863030471975266; 11.499044886563901; 14.544196832110863; 5.398677427514454; 7.0204746620078735; 22.868554707883472; 15.081106012335388; 12.563508163468224; 9.00781428430295; 12.892590483478905; 14.691363294401631; 9.405908301814492; 9.215909101239866; 20.700340441286656; 18.670703612644473; 10.15509112054502; 11.063390932006765; 9.044706943852455; 15.874090941297123; 18.708798043388523; 11.101113448487288; 7.789931830985938; 11.878818765111369; 15.745444651686787; 10.711455102366179; 12.00039546435297; 11.317281633746644; 7.972654001728607; 7.949143537007676; 9.81319005675731; 16.74161226545432; 9.906084311236587; 9.284361502739552; 8.547092121118524; 7.761615473545659; 
7.6752136752136755; 4.959647877560265; 7.511934862188712; 10.956207446432419; 15.708863834046653; 9.036076910509637; 5.557478771398365; 3.641118956615619; 
4.815510797342193; 4.854298244619699; 
6.175117924528302; 4.924441714836492; 8.742436987520852; 10.392082997223271; 4.915112902095945; 8.374311211537076; 13.327398922470707; 
7.6752136752136755; 4.6451620105570015; 8.886946035241012; 18.36280967879363; 13.779996653104101; 4.891665769241149; 8.399046923745772; 11.795339304887776; 17.02050206232466; 8.831715823556465; 11.924620847361894; 6.451765989457764; 8.55190361146689; 9.633708677776642; 8.462880586215038; 22.82402740987605; 8.983415614814163; 12.822072441393434; 15.801489523908803; 17.85799552299049; 6.027756977613184; 8.74714746348239; 12.61394658852209; 6.545957006023037; 8.452046393408985; 10.932224233340623; 13.531571676628655; 23.7147477654722; 12.735292553950993; 10.093599715075115; 16.231959843969804; 7.162957094145773; 9.793898648196837; 9.816175164629236; 9.170894289686192; 15.236532913424128; 9.35031249468355; 6.8411762267506795; 13.539865753092341; 7.476882829316035; 9.002542546329256; 16.612019303876107; 9.888566250110145; 21.208368464417493; 11.839118039994545; 12.726074290154305; 12.923084176926585; 7.800501453644792; 7.868563125804888; 9.066572513549959; 11.427664528880948; 11.253606167485607; 9.588507121272833; 8.083165485712865; 8.151052923752676; 16.438593989135594; 4.221309516626506; 9.357149632181216; 12.516808410336678; 14.05769368417995; 18.05324307040194; 8.688112025861546; 9.955566776446815; 8.816548307144398; 12.171646685524323; 9.236043944670797; 8.198809059233014; 6.557282551521316; 6.082411519285769; 8.772667383911532; 7.951557818449974; 16.565006943363997; 9.454162518056103; 8.549944080821742; 13.48943612524831; 11.895567545008795; 13.892936630305865; 13.702981118463715; 6.765668374518498; 7.617077038507873; 14.68389571829814; 8.311819735805; 13.041860592613519; 8.102647348330407; 8.47721503856243; 21.920974170631368; 15.51660889324236; 9.740074719958452; 15.047814693897788; 23.074667620113424; 13.136667580514128; 9.49257888678788; 10.317910614269191; 12.652297501850862; 11.106366580905611; 7.868589857527339; 13.495123658937928; 11.349727518226665; 22.147867398591167; 14.57071118479691; 18.127612244775946; 9.816566124798216; 7.185085421192084; 9.921135295441028; 7.303875776894141; 6.128423069803902; 13.257028101797562; 6.856330491021967; 11.470392888707412; 12.440864514472853; 6.344752543810728; 9.708774117354558; 10.908264510388701; 11.426369655869674; 12.167405656673544; 15.69647267928213; 14.776465382953205; 11.875385986156262; 9.94122410991512; 12.127343099829151; 14.642460706440241; 10.791173976433342; 18.273893714557907; 7.9822208378119885; 9.472626239862343; 15.461976700037987; 12.145479221435398; 17.937495391967563; 20.211848443163795; 13.042084036154717; 9.763407114059294; 13.683282305361754; 20.539197475265148; 16.967824207485144; 21.52582952519513; 18.172876179189554; 15.773424946638416; 10.385369034892165; 18.348414686583425; 11.772961886612556; 15.071361519867168; 11.015096851435873; 7.065695037003646; 10.2867921741334; 10.90581591407079; 11.266651836788448; 12.496662743922787; 11.812469521311703; 7.750948896134919; 6.756596658694396; 6.052072766708037; 11.089678718371271; 15.647639238352621; 22.369295854149666; 13.315083979816986; 13.793552383768743; 8.69709303360978; 11.589917778794685; 13.593878811381549; 11.468117590613204; 10.602981255935042; 17.52054767674312; 8.438769372380847; 8.211525939808274; 11.318988114447137; 9.358407992201233; 15.049581702949471; 11.565595456917224; 13.750233117265275; 7.968778057552362; 12.80425506361727; 12.995629954538053; 15.464875278446737; 14.291511015146071; 17.15444394544139; 15.447838855062901; 15.940531065951255; 11.879577823388138; 7.670156569701928; 11.51974785225774; 11.888156662171506; 23.132342737047672; 17.85687403235258; 10.336295057779754; 14.963529287362336; 7.67845145587746; 13.572626252643799; 13.937785004543905; 6.411938495573381; 13.817413939505096; 8.606312458217023; 15.242290136395733; 7.603622536949565; 12.978286774071512; 9.00888135562891; 9.794140652001659; 15.358389675886492; 17.41207488831691; 
8.320754716981131; 4.4253411041481545; 9.288658963196038; 
6.633587786259542; 4.981058807999981; 5.61639844286272; 7.6543488896790794; 15.159052540481163; 6.987784061809503; 5.097242084997269; 9.851329921723284; 3.641118956615619; 
5.325; 4.959647877560265; 6.100808940754281; 15.205265732907238; 6.087179370705618; 6.7114726379272325; 6.668034976287888; 5.201684981301684; 4.89781623380958; 
6.297101449275362; 8.313103507359973; 6.664567330016026; 11.517362809904078; 6.931598096725049; 5.971906442829015; 8.669754966368707; 8.7070047516148; 4.69251916234816; 19.37505465524288; 11.085638605733047; 9.954814475836205; 8.614707229960393; 7.320930188887212; 9.71658828169589; 10.621606353525543; 13.314902927552797; 11.339707419004265; 10.020092317273381; 9.843638276524985; 10.192667250287231; 10.475127563640049; 17.350041511858848; 6.497776195472108; 11.758482201109015; 14.784015356336008; 10.985397610530104; 7.072389550014156; 6.7039875648228335; 12.543830217662263; 20.45669372450126; 13.29383241209462; 9.601140284338285; 12.804603242569955; 15.49938754359977; 6.330852603444701; 9.739865951215592; 7.120242424042771; 11.768471418782667; 10.23370567189055; 18.081401068529622; 5.528611341747899; 12.253802418767023; 18.76522094070332; 13.338853818317077; 22.77619139937044; 12.051024401668151; 16.089971837850026; 8.64184141248175; 18.234531089865285; 24.54896283302963; 15.884394907384197; 5.418694767614278; 8.25291875085743; 8.025009669376336; 20.569047913618164; 9.036741506441075; 21.800801358408833; 12.89112846676631; 17.255479051787887; 21.74155145916263; 15.420927341758574; 10.932937011783494; 14.376732620563223; 10.194763969714726; 16.845873796014274; 11.811782159631406; 10.31896915433587; 19.034782332320702; 9.298128292102476; 8.394639889961855; 4.9206386871931596; 13.691249446891124; 13.219287831490094; 8.764483641643164; 10.54041242685426; 10.407998848280986; 8.373376471176224; 15.44053363722006; 8.280665626509087; 5.916097866707711; 8.906037972066484; 9.82464569431231; 11.048584823417515; 12.017072529627622; 12.475302400060661; 11.499227138566466; 18.775389227063172; 11.339063001587157; 16.86585387037232; 14.000006072872296; 11.799054513364638; 11.722790403582444; 10.62574153659568; 9.976531674898606; 9.6831897450527; 12.49052393184175; 12.062922171453627; 18.72682690459203; 19.66750192896948; 8.791483641800518; 6.892750422272428; 26.062609581786532; 7.093893233147372; 20.288631900964035; 11.214114707269102; 12.577311248175087; 13.63979592656057; 18.157103390965798; 10.814797851799073; 11.577112519624869; 12.800542094259509; 8.733364182923003; 9.765487747915948; 9.191994763924919; 10.382057842031216; 13.721318715188112; 11.102786340532212; 10.240274155068061; 9.799792814355133; 17.329559682289414; 11.935067110574806; 13.116208093561898; 17.39582519044869; 13.924138779351022; 10.059489451085312; 25.174349462476187; 14.04907345408502; 11.634072460569929; 15.821987985358383; 10.201527796335135; 15.347655186263648; 15.394873100261545; 17.944252047339205; 7.37915357212789; 23.243919752693365; 18.796004459831998; 19.229930804595384; 10.1979486426227; 9.562127835485152; 8.247068168107228; 22.883010964602256; 13.452775835722296; 8.651458430661137; 11.2331556884565; 6.7855520822911455; 11.451862566392386; 10.758466978084957; 11.193396101328378; 10.28720462281079; 7.221151916457362; 8.902874248084792; 8.102935683716744; 9.313387065419356; 10.567168499424007; 12.778845062809449; 17.060749541016833; 11.962189473702212; 11.339951004342552; 10.576369192808425; 16.469506996042533; 14.433553356257242; 22.76531644522889; 17.957253265098814; 14.488129069150538; 15.829921515346395; 8.51941116739941; 20.709122576222043; 12.105090052037106; 9.110713733449334; 11.490220972313175; 8.686842479102143; 12.477481768721432; 7.919213755011078; 8.645002070175597; 9.243309409173298; 6.1154814089075975; 13.202009512913188; 11.01741981714883; 10.37372731382801; 13.274820488315424; 11.351877651214194; 9.564014656391251; 24.909109998382043; 7.869761293887677; 12.84874370376599; 11.727261926770755; 5.67673410580319; 8.145494552366378; 14.448436738669958; 15.055018918181712; 9.34183251794708; 20.261260757335474; 14.879854801223251; 17.347965766689583; 8.538606541173584; 8.980573889133742; 
5.413173652694609; 8.878270648286746; 6.45001793566501; 3.7290634137863834; 
6.94488188976378; 5.890482805887979; 9.368003197362995; 9.067015018101277; 25.578724592549186; 8.91391085880456; 8.374311211537076; 15.832211721796778; 8.877587383189493; 6.9008176006682245; 5.772957042151564; 9.66307238841254; 11.60933255173024; 8.458812200748099; 7.812063007417223; 14.486554276146382; 12.870186073743778; 10.695817661799644; 8.180866635970611; 13.447091899995115; 18.25242388545682; 13.816097914526853; 6.735204813848816; 6.253245642144695; 8.654190144853944; 5.43402392670179; 20.427466321395173; 7.0527670426011815; 
5.218934911242604; 4.390764864837051; 18.180410643447757; 7.797009592419607; 22.159430131770108; 10.698454039888667; 6.261866409340591; 4.939971970106724; 0; 
5.218934911242603; 7.3542982446197; 5.941170103248992; 6.337066130516637; 4.6916058432371575; 9.490922602466746; 8.240743434162955; 8.740058695291543; 7.467120727699865; 18.111628612003884; 7.256456748259625; 4.5498153123139415; 7.497565056060101; 14.551509228962615; 14.852392185835715; 9.315427995745257; 10.201789605604345; 8.044324082595992; 11.041991483229982; 11.180170504166732; 18.742042346175477; 16.646886391785156; 8.143726636870777; 11.892901917185837; 10.05012689872152; 11.430441170567859; 8.4916525015797; 15.185156888715191; 10.065124323274913; 9.622718748017752; 16.147574783347025; 10.934420521055866; 7.192951796557561; 14.548393752878532; 9.278353111670826; 9.896558545344966; 11.222518191349133; 10.553472806867157; 6.6176685131300435; 
6.974358974358972; 8.925729493470062; 
6.952755905511811; 5.31812293786464; 9.288658963196038; 
6.633587786259542; 5.016385466212746; 6.006759713774866; 16.038530460116537; 4.764635223869806; 19.387421694020034; 6.151061872455467; 8.217134300245322; 
5.035502958579881; 11.310344723929873; 
6.447489691971865; 5.890482805887979; 
4.789150287956161; 4.281430749913026; 32.585; 8.452821040771774; 10.638401707725947; 15.77845314855554; 5.902695950285628; 5.0372768027811645; 7.932572715853445; 10.156703222139345; 13.901391444008127; 9.19393033925451; 12.039780753225676; 
