20; 19.626207014719945; 
20; 19.626207014719945; 19.180410643447757; 17.89920607498969; 19.29805093728863; 21.303248191001828; 18.498954038791044; 20.48829180461195; 18.567614337828786; 
20; 19.626207014719945; 19.180410643447757; 18.345002446261876; 18.462642740102748; 21.303248191001828; 18.498954038791044; 20.48829180461195; 18.567614337828786; 18.57714423380366; 20.153140495353096; 21.30114187064906; 21.364279718024378; 18.48954468523507; 19.333065572422335; 
20; 19.626207014719945; 19.180410643447757; 17.525413089709634; 19.29805093728863; 21.303248191001828; 
20; 19.626207014719945; 
20; 19.626207014719945; 19.180410643447757; 
20; 
20; 19.626207014719945; 19.180410643447757; 18.345002446261876; 19.298050937288625; 21.303248191001828; 18.498954038791044; 20.48829180461195; 18.567614337828786; 
20; 19.626207014719945; 
20; 19.626207014719945; 19.180410643447757; 17.89920607498969; 19.29805093728863; 21.303248191001828; 18.498954038791044; 17.683997652401167; 18.567614337828786; 18.57714423380366; 20.153140495353096; 21.30114187064906; 21.364279718024378; 18.48954468523507; 19.333065572422335; 18.267509473316654; 21.31150365691127; 22.411292874311997; 19.46915304355434; 18.474558785710215; 22.340982402319476; 21.399265253353654; 18.29297767231843; 21.30756931858423; 21.31701685519016; 21.3618622198298; 20.37623865818946; 22.438550547789358; 18.343873573845098; 21.290367668539368; 19.34880306013533; 21.3402099839695; 21.263013308072413; 18.305988544793298; 20.266107045035696; 21.221762302917796; 20.253713346915436; 20.326407035723758; 22.30835796138377; 22.387125760965738; 20.399270379394288; 
20; 19.626207014719945; 19.180410643447757; 17.89920607498969; 19.29805093728863; 21.303248191001828; 18.498954038791044; 20.48829180461195; 18.567614337828786; 18.57714423380366; 20.153140495353096; 21.30114187064906; 21.364279718024378; 18.48954468523507; 19.333065572422335; 18.267509473316654; 21.311503656911267; 22.411292874311997; 19.46915304355434; 18.474558785710215; 21.346388144475352; 21.399265253353654; 18.29297767231843; 21.30756931858423; 21.31701685519016; 21.3618622198298; 20.37623865818946; 22.438550547789358; 18.343873573845098; 21.290367668539368; 19.34880306013533; 
20; 
20; 19.626207014719945; 19.180410643447757; 
20; 19.626207014719945; 
20; 19.626207014719945; 19.180410643447757; 18.345002446261876; 19.29805093728863; 21.303248191001828; 18.498954038791044; 20.48829180461195; 18.567614337828786; 18.57714423380366; 20.153140495353096; 21.30114187064906; 21.364279718024378; 18.48954468523507; 19.333065572422335; 18.267509473316654; 21.31150365691127; 22.411292874311997; 19.46915304355434; 18.474558785710215; 22.340982402319476; 21.399265253353654; 18.29297767231843; 21.30756931858423; 21.31701685519016; 21.3618622198298; 20.37623865818946; 22.438550547789358; 18.343873573845098; 21.290367668539368; 19.34880306013533; 21.3402099839695; 21.263013308072413; 18.305988544793298; 20.266107045035696; 21.221762302917796; 20.253713346915436; 20.326407035723758; 22.30835796138377; 22.387125760965738; 20.399270379394288; 22.32388489184386; 18.203891856638098; 18.229935827595792; 22.144818324709327; 21.20489536007518; 18.251254087909636; 21.21326016190571; 21.24728269376116; 18.24344985547187; 18.169331786827673; 18.205156325473922; 21.19110243704963; 18.267884768489797; 18.183044722801544; 22.21004284729096; 22.2733546579344; 22.27798647707631; 18.285750191655776; 21.20365659934159; 20.285011535638876; 22.12586856308827; 21.250491855965866; 20.192559735343703; 22.16961091684237; 18.22076954442786; 20.12137021264843; 22.182757391652572; 19.249546662020013; 19.203019289031307; 21.181421926808255; 20.20422783937274; 20.20370357934768; 18.213430417401884; 22.22899759060755; 22.204714032516677; 18.20549120929197; 20.211513657917653; 22.286860482657918; 21.286219474171553; 21.336421827687737; 21.283587615652305; 22.21035080825504; 20.360840817068656; 22.29588557278714; 21.27132904203265; 19.335800113649768; 22.244826053015114; 19.34013782500294; 18.294691058826057; 19.26136396342797; 22.189067116057437; 20.33018865918347; 20.250353918556463; 20.242850964128117; 21.22499435358867; 19.29291712935352; 22.19395394418567; 19.301608679155077; 19.268256605017253; 22.239866853507237; 22.270816491554704; 19.290523757442006; 22.228075194289644; 20.297556290224943; 22.336295760905134; 21.328614641815737; 20.313716037807513; 21.259920012136877; 22.28302794498299; 20.34128505835566; 22.268696762448208; 18.340446968231465; 20.215104306770332; 18.204266449095392; 21.202834025581815; 21.29320075358735; 20.248448287896505; 20.13258703991874; 20.17355588519374; 20.094203397847217; 20.1965133665658; 22.1665189005609; 21.181607550223205; 21.21797772019535; 22.172974572020784; 22.181737760565053; 18.20402483664027; 22.198533137790186; 21.185499696231762; 20.227775087297182; 22.180779611052266; 20.077556186908488; 22.133821178859012; 19.138998048947048; 20.129981721193634; 20.15197155041826; 20.157661293602313; 22.137901358175494; 21.16433986615745; 20.187822285329915; 19.177756423744746; 18.13452346534129; 19.15611700933596; 19.130896940205783; 20.12514019181457; 22.142572721168975; 19.166343590844836; 22.175323840701513; 22.187698764453504; 21.232524228644973; 20.1677117081239; 20.19993890615291; 22.194571909371813; 18.184422310471977; 22.170255699251282; 20.231353782525186; 22.184397573663606; 19.245306453307414; 19.18246495077756; 20.181634613119503; 18.19242368119842; 18.206390085465642; 22.22269800098073; 20.253734518527576; 18.236914310370853; 19.207017476602836; 18.15704347263485; 20.20294124820431; 19.209398516546976; 20.18186590516547; 19.199429431651588; 21.251478044591543; 19.27819399072829; 21.28707000880205; 18.249471255067775; 21.168367816463764; 22.239461329202378; 18.257810709997067; 22.1911605916319; 18.256107219535036; 20.23137649344781; 18.231410033567965; 19.205683198912848; 20.24581709650924; 19.273397957489145; 22.267094736384713; 18.327830350841953; 22.320671644060994; 19.38654436480258; 19.337715746649035; 21.338054632104036; 21.399467873320592; 21.385457228889095; 20.296369863284987; 22.33584773029967; 20.402972651112446; 19.461928923856487; 18.3070674409232; 
20; 19.626207014719945; 19.180410643447757; 18.345002446261876; 
20; 
20; 19.626207014719945; 
20; 19.626207014719945; 18.806617658167703; 18.345002446261876; 19.29805093728863; 21.303248191001828; 18.498954038791044; 20.48829180461195; 18.567614337828786; 18.57714423380366; 20.153140495353096; 21.30114187064906; 21.364279718024378; 18.48954468523507; 19.333065572422335; 18.267509473316654; 21.31150365691127; 22.411292874311997; 19.46915304355434; 
20; 19.626207014719945; 
20; 19.626207014719945; 
20; 19.626207014719945; 19.180410643447757; 18.345002446261876; 19.29805093728863; 21.303248191001828; 18.498954038791044; 20.48829180461195; 18.567614337828786; 18.57714423380366; 20.153140495353096; 21.301141870649058; 21.364279718024378; 18.48954468523507; 
20; 19.626207014719945; 
20; 19.626207014719945; 19.180410643447757; 18.345002446261876; 
20; 19.626207014719945; 19.180410643447757; 17.89920607498969; 19.29805093728863; 21.303248191001828; 18.498954038791044; 20.488291804611947; 18.567614337828786; 18.57714423380366; 20.153140495353096; 21.30114187064906; 21.364279718024378; 18.48954468523507; 19.333065572422335; 18.267509473316654; 21.31150365691127; 22.411292874311997; 19.46915304355434; 18.474558785710215; 22.340982402319476; 21.399265253353654; 18.29297767231843; 21.30756931858423; 21.31701685519016; 21.3618622198298; 20.37623865818946; 22.438550547789358; 18.343873573845098; 21.290367668539368; 19.34880306013533; 21.3402099839695; 21.263013308072413; 18.305988544793298; 20.266107045035696; 21.221762302917796; 20.253713346915436; 20.326407035723758; 22.30835796138377; 22.387125760965738; 20.399270379394288; 22.32388489184386; 18.203891856638098; 18.229935827595792; 22.144818324709327; 21.20489536007518; 18.251254087909636; 21.21326016190571; 21.24728269376116; 18.24344985547187; 18.169331786827673; 18.205156325473922; 21.19110243704963; 18.267884768489797; 18.183044722801544; 22.210042847290957; 22.2733546579344; 22.27798647707631; 18.285750191655776; 21.20365659934159; 20.285011535638876; 22.12586856308827; 21.250491855965866; 20.192559735343707; 22.16961091684237; 18.220769544427863; 20.12137021264843; 22.182757391652572; 19.24954666202001; 19.203019289031307; 21.181421926808255; 20.20422783937274; 20.20370357934768; 18.213430417401884; 22.22899759060755; 22.204714032516677; 18.20549120929197; 20.211513657917653; 22.286860482657918; 21.286219474171553; 21.336421827687737; 21.283587615652305; 22.21035080825504; 20.360840817068656; 22.29588557278714; 21.27132904203265; 19.335800113649768; 22.244826053015114; 19.34013782500294; 18.294691058826057; 19.26136396342797; 22.189067116057437; 20.33018865918347; 20.250353918556463; 20.242850964128117; 21.22499435358867; 19.29291712935352; 22.19395394418567; 19.301608679155077; 19.268256605017253; 22.239866853507237; 22.270816491554704; 19.290523757442006; 22.228075194289644; 20.297556290224943; 22.336295760905134; 21.328614641815737; 20.313716037807513; 21.259920012136877; 22.28302794498299; 20.34128505835566; 22.268696762448208; 18.340446968231465; 20.215104306770332; 18.204266449095396; 21.202834025581815; 21.29320075358735; 20.248448287896505; 20.13258703991874; 20.17355588519374; 20.094203397847217; 20.1965133665658; 22.1665189005609; 21.181607550223205; 21.21797772019535; 22.172974572020784; 22.181737760565053; 18.20402483664027; 22.198533137790182; 21.185499696231762; 20.227775087297182; 22.180779611052266; 20.077556186908488; 22.133821178859012; 19.138998048947045; 20.129981721193634; 20.15197155041826; 20.157661293602313; 22.137901358175494; 21.16433986615745; 20.187822285329915; 19.177756423744746; 18.13452346534129; 19.15611700933596; 19.13089694020578; 20.12514019181457; 22.142572721168975; 19.166343590844836; 22.175323840701513; 22.187698764453504; 21.232524228644973; 20.1677117081239; 20.19993890615291; 22.194571909371813; 18.184422310471977; 22.170255699251282; 20.231353782525186; 22.184397573663606; 19.245306453307414; 19.18246495077756; 20.181634613119503; 18.19242368119842; 18.206390085465642; 22.22269800098073; 20.253734518527576; 18.236914310370853; 19.207017476602836; 18.15704347263485; 20.20294124820431; 19.209398516546976; 20.18186590516547; 19.199429431651584; 21.251478044591543; 19.27819399072829; 21.28707000880205; 18.249471255067775; 21.168367816463764; 22.239461329202378; 18.257810709997067; 22.1911605916319; 18.256107219535036; 20.23137649344781; 18.231410033567965; 19.205683198912848; 20.24581709650924; 19.273397957489145; 22.267094736384713; 18.327830350841953; 22.320671644060994; 19.38654436480258; 19.337715746649035; 21.338054632104036; 21.399467873320592; 21.385457228889095; 20.296369863284987; 22.33584773029967; 20.402972651112446; 19.461928923856487; 18.3070674409232; 22.166284811115272; 
20; 19.626207014719945; 19.180410643447757; 18.345002446261876; 19.29805093728863; 21.303248191001828; 18.498954038791044; 20.48829180461195; 18.567614337828786; 18.57714423380366; 20.153140495353096; 21.30114187064906; 21.364279718024378; 18.48954468523507; 
20; 19.626207014719945; 19.180410643447757; 17.89920607498969; 18.85225456601644; 21.303248191001828; 18.498954038791044; 20.48829180461195; 18.567614337828786; 
20; 19.626207014719945; 
20; 19.626207014719945; 19.180410643447757; 18.345002446261876; 19.29805093728863; 21.303248191001824; 18.498954038791044; 20.48829180461195; 18.567614337828786; 
20; 19.626207014719945; 19.180410643447757; 18.345002446261876; 19.29805093728863; 21.303248191001828; 18.498954038791044; 20.48829180461195; 18.567614337828786; 18.57714423380366; 20.153140495353096; 21.30114187064906; 21.364279718024378; 18.48954468523507; 19.333065572422335; 18.267509473316654; 21.311503656911267; 22.411292874311997; 19.46915304355434; 18.474558785710215; 22.340982402319476; 21.399265253353654; 18.29297767231843; 21.30756931858423; 21.31701685519016; 21.3618622198298; 20.37623865818946; 22.438550547789358; 18.343873573845098; 21.290367668539368; 19.34880306013533; 21.3402099839695; 21.263013308072413; 18.305988544793298; 20.266107045035696; 21.221762302917796; 20.253713346915436; 20.326407035723758; 22.30835796138377; 22.387125760965738; 20.399270379394288; 20.33602951027241; 18.203891856638098; 18.229935827595792; 22.144818324709327; 21.20489536007518; 18.251254087909636; 21.21326016190571; 21.24728269376116; 18.24344985547187; 18.169331786827673; 18.205156325473922; 21.19110243704963; 18.267884768489797; 18.183044722801544; 22.21004284729096; 22.2733546579344; 22.27798647707631; 18.285750191655776; 21.20365659934159; 20.285011535638876; 22.12586856308827; 21.250491855965866; 20.192559735343707; 22.16961091684237; 18.220769544427863; 20.12137021264843; 22.182757391652572; 19.249546662020013; 19.203019289031307; 21.181421926808255; 20.20422783937274; 20.20370357934768; 18.213430417401884; 22.22899759060755; 22.204714032516677; 18.20549120929197; 20.211513657917653; 22.286860482657918; 21.286219474171553; 21.336421827687737; 21.283587615652305; 22.21035080825504; 20.360840817068656; 22.29588557278714; 21.27132904203265; 19.335800113649768; 22.244826053015114; 19.34013782500294; 18.294691058826057; 19.26136396342797; 22.189067116057437; 20.33018865918347; 20.250353918556463; 20.242850964128117; 21.22499435358867; 19.29291712935352; 22.19395394418567; 19.301608679155077; 19.268256605017253; 22.239866853507237; 22.270816491554704; 19.290523757442006; 22.228075194289644; 20.297556290224943; 22.336295760905134; 21.328614641815737; 20.313716037807513; 21.259920012136877; 22.28302794498299; 20.34128505835566; 22.268696762448208; 18.340446968231465; 20.215104306770332; 18.204266449095396; 21.202834025581815; 21.29320075358735; 
20; 19.626207014719945; 
20; 19.626207014719945; 
20; 19.626207014719945; 19.180410643447757; 
20; 19.626207014719945; 
20; 19.626207014719945; 18.806617658167703; 18.345002446261876; 19.29805093728863; 21.303248191001828; 18.498954038791044; 20.48829180461195; 18.567614337828786; 18.57714423380366; 20.153140495353096; 21.30114187064906; 21.364279718024378; 18.48954468523507; 19.333065572422335; 18.267509473316654; 21.31150365691127; 22.411292874311997; 19.46915304355434; 18.474558785710215; 
20; 19.626207014719945; 19.180410643447757; 18.345002446261876; 19.29805093728863; 21.303248191001828; 18.498954038791044; 20.48829180461195; 18.567614337828786; 18.57714423380366; 20.153140495353096; 21.30114187064906; 21.364279718024378; 18.48954468523507; 19.333065572422335; 18.267509473316654; 21.31150365691127; 22.411292874311997; 19.46915304355434; 18.474558785710215; 
20; 19.626207014719945; 19.180410643447757; 18.345002446261876; 19.29805093728863; 21.303248191001828; 18.498954038791044; 20.48829180461195; 18.567614337828786; 18.57714423380366; 20.153140495353096; 21.30114187064906; 21.364279718024378; 18.48954468523507; 19.333065572422335; 18.267509473316654; 21.31150365691127; 22.411292874311997; 19.46915304355434; 18.474558785710215; 22.340982402319476; 21.399265253353654; 18.29297767231843; 21.30756931858423; 21.31701685519016; 21.3618622198298; 20.37623865818946; 22.438550547789358; 18.343873573845098; 21.290367668539368; 19.34880306013533; 21.3402099839695; 21.263013308072413; 18.305988544793298; 20.266107045035692; 21.221762302917796; 20.253713346915436; 20.326407035723758; 22.30835796138377; 22.387125760965738; 20.399270379394288; 22.32388489184386; 18.203891856638098; 18.229935827595792; 22.144818324709327; 21.20489536007518; 18.251254087909636; 21.21326016190571; 21.24728269376116; 18.243449855471866; 18.169331786827673; 18.205156325473922; 21.19110243704963; 18.267884768489797; 18.183044722801544; 22.21004284729096; 22.2733546579344; 22.27798647707631; 18.285750191655776; 21.20365659934159; 20.285011535638876; 21.20722349938556; 21.250491855965866; 20.192559735343707; 22.16961091684237; 18.220769544427863; 20.12137021264843; 22.182757391652572; 19.249546662020013; 19.203019289031307; 21.181421926808255; 20.20422783937274; 20.20370357934768; 18.213430417401884; 22.22899759060755; 22.204714032516677; 18.20549120929197; 20.211513657917653; 22.286860482657918; 21.286219474171553; 21.336421827687737; 21.283587615652305; 22.21035080825504; 20.360840817068656; 22.29588557278714; 21.27132904203265; 19.335800113649768; 22.244826053015114; 19.34013782500294; 18.294691058826057; 19.26136396342797; 22.189067116057437; 20.33018865918347; 20.250353918556463; 20.242850964128117; 21.22499435358867; 19.29291712935352; 22.19395394418567; 19.301608679155077; 19.268256605017253; 22.239866853507237; 22.270816491554704; 19.290523757442006; 22.228075194289644; 20.297556290224943; 22.336295760905134; 21.328614641815737; 20.313716037807513; 21.259920012136877; 22.28302794498299; 20.34128505835566; 22.268696762448208; 18.34044696823146; 20.215104306770332; 18.204266449095396; 21.202834025581815; 21.29320075358735; 20.248448287896505; 19.08783457422789; 20.17355588519374; 20.094203397847217; 20.1965133665658; 22.1665189005609; 21.181607550223205; 21.21797772019535; 22.172974572020784; 22.181737760565053; 18.20402483664027; 22.198533137790186; 21.185499696231762; 20.227775087297182; 
20; 19.626207014719945; 19.180410643447757; 18.345002446261876; 19.29805093728863; 21.303248191001828; 18.498954038791044; 20.48829180461195; 18.567614337828786; 18.57714423380366; 20.153140495353096; 21.30114187064906; 21.364279718024378; 18.48954468523507; 19.333065572422335; 18.267509473316654; 21.31150365691127; 22.411292874311997; 19.46915304355434; 18.474558785710215; 22.340982402319476; 21.399265253353654; 18.29297767231843; 21.30756931858423; 21.31701685519016; 21.3618622198298; 20.37623865818946; 22.438550547789358; 18.343873573845098; 21.290367668539368; 19.34880306013533; 21.3402099839695; 21.263013308072413; 18.305988544793298; 20.266107045035696; 21.221762302917796; 20.253713346915436; 20.326407035723758; 22.30835796138377; 22.387125760965738; 20.399270379394284; 22.32388489184386; 18.203891856638098; 18.229935827595792; 22.144818324709323; 21.204895360075177; 18.251254087909636; 21.21326016190571; 21.24728269376116; 18.24344985547187; 18.16933178682767; 18.205156325473922; 21.19110243704963; 18.267884768489797; 18.183044722801544; 22.21004284729096; 22.2733546579344; 22.27798647707631; 18.285750191655776; 21.20365659934159; 
20; 19.626207014719945; 19.180410643447757; 
20; 19.626207014719945; 19.180410643447757; 17.89920607498969; 19.29805093728863; 21.303248191001828; 18.498954038791044; 20.48829180461195; 18.567614337828786; 
20; 19.626207014719945; 19.180410643447757; 17.89920607498969; 19.29805093728863; 21.303248191001828; 18.498954038791044; 20.48829180461195; 18.567614337828786; 
20; 19.626207014719945; 19.180410643447757; 18.345002446261876; 19.29805093728863; 21.303248191001828; 18.498954038791044; 20.48829180461195; 18.567614337828786; 
20; 19.626207014719945; 
20; 19.626207014719945; 19.180410643447757; 17.89920607498969; 19.29805093728863; 21.303248191001828; 18.498954038791044; 20.48829180461195; 18.567614337828786; 
20; 19.626207014719945; 19.180410643447757; 18.345002446261876; 19.29805093728863; 21.303248191001828; 18.498954038791044; 20.48829180461195; 18.567614337828786; 18.57714423380366; 20.153140495353096; 21.30114187064906; 21.364279718024378; 18.48954468523507; 19.333065572422335; 18.267509473316654; 21.31150365691127; 22.411292874311997; 19.46915304355434; 18.474558785710215; 22.340982402319476; 21.399265253353654; 18.29297767231843; 21.30756931858423; 21.31701685519016; 21.3618622198298; 20.37623865818946; 22.438550547789358; 18.343873573845098; 21.290367668539368; 19.34880306013533; 21.3402099839695; 21.263013308072413; 18.305988544793298; 20.266107045035696; 21.221762302917796; 20.253713346915436; 20.326407035723758; 22.30835796138377; 22.387125760965738; 20.399270379394288; 22.32388489184386; 18.203891856638098; 18.229935827595792; 22.144818324709327; 21.20489536007518; 18.251254087909636; 21.21326016190571; 21.24728269376116; 18.24344985547187; 18.169331786827673; 18.205156325473922; 21.19110243704963; 18.267884768489797; 18.183044722801544; 22.21004284729096; 22.2733546579344; 22.27798647707631; 18.285750191655776; 21.20365659934159; 20.285011535638876; 22.12586856308827; 21.250491855965866; 20.192559735343707; 22.16961091684237; 18.220769544427863; 20.12137021264843; 22.182757391652572; 19.249546662020013; 19.203019289031307; 21.181421926808255; 20.20422783937274; 20.20370357934768; 18.213430417401884; 22.22899759060755; 22.204714032516677; 18.205491209291967; 20.211513657917653; 22.286860482657918; 21.286219474171553; 21.336421827687737; 21.283587615652305; 22.21035080825504; 20.360840817068656; 22.29588557278714; 21.27132904203265; 19.335800113649768; 22.244826053015114; 19.34013782500294; 18.294691058826057; 19.26136396342797; 22.189067116057437; 20.33018865918347; 20.250353918556463; 20.242850964128117; 21.22499435358867; 19.29291712935352; 22.19395394418567; 19.301608679155077; 19.268256605017253; 22.239866853507237; 22.270816491554704; 19.290523757442006; 22.228075194289644; 20.297556290224943; 22.336295760905134; 21.328614641815737; 20.313716037807513; 21.259920012136877; 22.28302794498299; 20.34128505835566; 22.268696762448208; 18.340446968231465; 20.215104306770332; 18.204266449095396; 21.202834025581815; 21.29320075358735; 20.248448287896505; 20.13258703991874; 20.17355588519374; 20.094203397847217; 20.1965133665658; 22.1665189005609; 21.181607550223205; 21.21797772019535; 22.172974572020784; 22.181737760565053; 18.20402483664027; 22.198533137790186; 21.185499696231762; 20.227775087297182; 22.180779611052266; 20.077556186908488; 22.133821178859012; 19.138998048947048; 20.129981721193634; 20.15197155041826; 20.157661293602313; 22.137901358175494; 21.16433986615745; 20.18782228532991; 19.177756423744746; 18.13452346534129; 19.15611700933596; 19.130896940205783; 20.12514019181457; 22.142572721168975; 19.166343590844836; 22.175323840701513; 22.187698764453504; 21.232524228644973; 20.1677117081239; 20.19993890615291; 22.194571909371813; 18.184422310471977; 22.170255699251282; 20.231353782525186; 22.184397573663606; 19.24530645330741; 19.182464950777558; 20.181634613119503; 18.19242368119842; 18.206390085465642; 22.22269800098073; 20.253734518527576; 18.236914310370853; 19.207017476602836; 18.15704347263485; 20.20294124820431; 19.209398516546976; 20.18186590516547; 19.199429431651588; 21.251478044591543; 19.27819399072829; 21.28707000880205; 18.249471255067775; 21.168367816463764; 22.239461329202378; 18.257810709997067; 22.1911605916319; 18.256107219535036; 20.23137649344781; 18.231410033567965; 19.205683198912848; 20.24581709650924; 19.273397957489145; 22.267094736384713; 18.327830350841953; 22.320671644060994; 19.38654436480258; 19.337715746649035; 21.338054632104036; 21.399467873320592; 21.385457228889095; 20.296369863284987; 22.33584773029967; 20.402972651112446; 19.461928923856483; 18.3070674409232; 22.166284811115272; 
20; 
20; 19.626207014719945; 19.180410643447757; 18.345002446261876; 19.29805093728863; 21.303248191001828; 18.498954038791044; 20.48829180461195; 18.567614337828786; 18.57714423380366; 
20; 19.626207014719945; 19.180410643447757; 18.345002446261876; 19.29805093728863; 21.303248191001828; 18.498954038791044; 20.48829180461195; 18.567614337828786; 18.57714423380366; 20.153140495353096; 21.30114187064906; 21.364279718024374; 18.489544685235067; 19.333065572422335; 18.267509473316654; 21.31150365691127; 22.411292874311997; 19.46915304355434; 18.474558785710215; 22.340982402319476; 21.399265253353654; 18.29297767231843; 21.30756931858423; 21.31701685519016; 21.3618622198298; 20.37623865818946; 22.438550547789358; 18.343873573845098; 21.290367668539368; 19.34880306013533; 21.3402099839695; 21.263013308072413; 18.305988544793298; 20.266107045035696; 21.221762302917796; 20.253713346915436; 20.326407035723758; 22.30835796138377; 22.387125760965738; 20.399270379394288; 22.32388489184386; 18.203891856638098; 18.229935827595792; 22.144818324709327; 21.20489536007518; 18.251254087909636; 21.21326016190571; 21.24728269376116; 18.24344985547187; 18.169331786827673; 18.205156325473922; 21.19110243704963; 18.267884768489797; 18.183044722801544; 22.21004284729096; 22.2733546579344; 22.27798647707631; 18.285750191655776; 21.20365659934159; 20.285011535638876; 22.12586856308827; 21.250491855965866; 20.192559735343707; 22.16961091684237; 18.220769544427863; 20.12137021264843; 22.182757391652572; 19.249546662020013; 19.203019289031307; 21.181421926808255; 20.20422783937274; 20.20370357934768; 18.213430417401884; 22.22899759060755; 22.204714032516677; 18.20549120929197; 20.211513657917653; 22.286860482657914; 21.286219474171553; 21.336421827687737; 21.283587615652305; 22.21035080825504; 20.360840817068656; 22.29588557278714; 21.27132904203265; 19.335800113649768; 22.244826053015114; 19.34013782500294; 18.294691058826057; 19.26136396342797; 22.189067116057437; 20.33018865918347; 20.250353918556463; 20.242850964128117; 21.22499435358867; 19.29291712935352; 22.19395394418567; 19.301608679155077; 19.268256605017253; 22.239866853507237; 22.270816491554704; 19.290523757442006; 22.228075194289644; 20.297556290224943; 22.336295760905134; 21.328614641815737; 20.313716037807513; 21.259920012136877; 22.28302794498299; 20.34128505835566; 22.268696762448208; 18.340446968231465; 20.215104306770332; 18.204266449095396; 21.202834025581815; 21.29320075358735; 20.248448287896505; 20.13258703991874; 20.17355588519374; 20.094203397847217; 20.1965133665658; 22.1665189005609; 21.181607550223205; 21.21797772019535; 22.172974572020784; 22.181737760565053; 18.20402483664027; 22.198533137790186; 21.185499696231762; 20.227775087297182; 22.180779611052266; 20.077556186908488; 22.133821178859012; 19.138998048947048; 20.129981721193634; 20.15197155041826; 20.157661293602313; 22.137901358175494; 21.16433986615745; 20.187822285329915; 19.177756423744746; 18.13452346534129; 19.15611700933596; 19.130896940205783; 20.12514019181457; 22.142572721168975; 19.166343590844836; 22.175323840701513; 22.187698764453504; 21.232524228644973; 20.1677117081239; 20.19993890615291; 22.194571909371813; 18.184422310471977; 22.170255699251282; 20.231353782525186; 22.184397573663606; 19.245306453307414; 19.18246495077756; 20.181634613119503; 18.19242368119842; 18.206390085465642; 22.22269800098073; 20.253734518527576; 18.236914310370853; 19.207017476602836; 18.15704347263485; 20.20294124820431; 19.209398516546976; 20.18186590516547; 19.199429431651588; 21.251478044591543; 19.27819399072829; 21.28707000880205; 18.249471255067775; 21.168367816463764; 22.239461329202378; 18.257810709997067; 22.1911605916319; 18.256107219535036; 20.23137649344781; 18.231410033567965; 19.205683198912848; 20.24581709650924; 19.273397957489145; 22.267094736384713; 18.327830350841953; 22.320671644060994; 19.38654436480258; 19.337715746649035; 21.338054632104036; 21.399467873320592; 21.385457228889095; 20.296369863284987; 22.33584773029967; 20.402972651112446; 19.461928923856487; 18.3070674409232; 22.166284811115272; 
20; 19.626207014719945; 19.180410643447757; 
20; 19.626207014719945; 19.180410643447757; 18.345002446261876; 18.462642740102748; 21.303248191001828; 18.498954038791044; 20.48829180461195; 18.567614337828786; 18.57714423380366; 20.153140495353096; 21.30114187064906; 21.364279718024378; 18.48954468523507; 19.333065572422335; 18.267509473316654; 21.31150365691127; 22.411292874311997; 19.46915304355434; 18.474558785710215; 22.340982402319476; 21.399265253353654; 18.29297767231843; 21.30756931858423; 21.31701685519016; 21.3618622198298; 20.37623865818946; 22.438550547789358; 18.343873573845098; 21.290367668539368; 19.34880306013533; 21.3402099839695; 21.263013308072413; 18.305988544793298; 20.266107045035696; 21.221762302917796; 20.253713346915436; 20.326407035723758; 22.30835796138377; 22.387125760965738; 
