8.526717557251908; 4.212432801541272; 
7.43974281912571; 4.386361880144742; 
7.358974358974359; 5.937203443743106; 
9.672727272727272; 9.71109617215035; 8.70047285201032; 9.833064631130533; 9.197772175350176; 17.94191795606992; 13.439985761821278; 17.762180732681866; 18.329504529000708; 6.966040534471161; 6.307669904258771; 6.63208358701743; 8.459114117497302; 9.177178031876807; 18.54959150012822; 9.599589823211492; 5.482720568886403; 
7.3229912960883965; 6.5229273975319; 14.209261674214744; 20.168713226280857; 32.915; 17.361912649220177; 18.587209841952003; 6.445661963484794; 5.874235364688713; 
6.4649609920621405; 6.5229273975319; 8.490191544806455; 9.071541739422548; 9.443411285657453; 11.37175814891459; 7.429519045813217; 25.36042581501398; 8.381256198141239; 9.216123861610422; 6.9858309785363915; 8.446514492891009; 9.172054431987934; 9.41196064057246; 9.768308526343018; 10.403673945817722; 17.420316406772244; 6.6400303076291625; 15.138108938406777; 19.65219872052657; 10.28780366199005; 14.506002443698428; 10.802902089024652; 13.937010662155716; 9.694395577878591; 10.15413341993899; 8.834756795592066; 4.037527107157929; 
7.859060402684564; 6.25270700838646; 
6.598802395209581; 7.432183943854529; 12.314593191603553; 15.827609311563272; 17.51790093618417; 6.9030245688493155; 9.85863400767069; 6.251396301287163; 20.309793293519245; 13.670870451527986; 20.984090916189952; 22.546124706275393; 10.27605678439088; 9.416394825978209; 9.783929482632278; 26.483090836464044; 10.291274557201081; 11.134444933478957; 20.57162867898694; 18.032391322357014; 16.45873019709984; 11.765000326709727; 12.317771169497977; 8.809331868715075; 8.4561821647716; 10.194587324081462; 16.697803878036094; 29.56321087398802; 19.64930243617206; 19.30260094827078; 15.435086938805755; 9.041328840818023; 13.352316989449804; 9.84639231007913; 12.477469170987835; 15.196002881963377; 12.39648830117653; 7.739282883273498; 11.385947656022203; 6.220290078033118; 8.960158049425178; 14.64619628057283; 9.220914410847413; 24.936204448234587; 27.552504931279714; 16.75332198907435; 30.964536591354562; 12.067175230825889; 10.161098841033198; 8.451811711272832; 17.823179707964876; 13.111378595574124; 13.138867161367878; 8.66976204835072; 8.089236264897536; 15.525615916165817; 7.916239401030143; 11.760389570265414; 26.493469319367566; 21.25496631819412; 10.800102721266228; 9.540526024753856; 15.69128466887615; 10.511533103219724; 11.022018092704323; 13.884866175504259; 9.300780532812263; 11.721476736340973; 10.390792985456248; 14.178975083706625; 10.310196226598901; 16.274766825355073; 21.595572372327204; 12.061578658746486; 14.733640327662162; 12.668467870347486; 15.595407173474086; 21.715216618740747; 8.227547783380523; 13.237844725127243; 25.270952090014397; 9.811804537877588; 13.60989799355002; 11.243664662682885; 19.210066438099794; 18.51560290712958; 15.607052087395756; 11.008579602016612; 18.90894891262659; 15.58462237294812; 10.29631177768934; 11.115581450087978; 11.827566230619295; 18.734759372917818; 13.764708797821255; 21.540678794454053; 16.16712996855544; 12.959969240744947; 34.077515805510956; 25.54010216554177; 22.35238220261987; 15.489372759665944; 10.718645068432718; 11.200333962583127; 11.969502824161001; 11.600997696399718; 16.962559328007487; 11.844154849206557; 13.083039183367028; 11.883026782814413; 8.79355833260927; 8.100158084958082; 12.520039418204332; 12.931278345478365; 16.676705858064743; 29.57570274417804; 19.760405858682972; 11.461974402981411; 11.611564269712092; 13.563497880116609; 14.857772800360411; 12.41645279219835; 23.900192365651577; 11.293893974409606; 12.932476226675625; 18.295575005495294; 15.482629264463004; 8.54728856863072; 22.95089793391442; 16.96103641176534; 13.854554828010013; 17.450865583324614; 17.075355452186482; 13.004138686854215; 16.797176203796315; 20.139859876855407; 17.40798622689101; 15.75229754427623; 11.749949470659294; 12.251741432523119; 15.149348945598419; 12.27406549388983; 11.371748825900195; 12.67298634066993; 13.908895320583863; 12.597319351437942; 12.185418285648199; 13.620814314727669; 12.309917167221153; 9.999767700850697; 9.012751736415098; 15.112392002243467; 17.800152815691472; 11.731764292853786; 17.377086917802625; 17.06671419365868; 14.015691372573212; 12.775329374257058; 18.08718528284571; 6.797649189269837; 13.807671422797625; 16.464583601968027; 9.472506651862568; 11.984564395194267; 10.338780313809297; 12.096115426867794; 10.783563779621893; 12.119231619565403; 12.978673449209776; 9.03127142978409; 14.648732647082355; 12.61662037978419; 10.466806996894752; 15.407084287281954; 22.77574533394155; 24.89383071923623; 20.436491956758648; 21.84869630386023; 15.039459699451044; 21.808560825769117; 17.72429316157416; 13.930439187295965; 16.809949531114704; 13.112440908825466; 16.838786357751882; 12.796340416761042; 22.30993454888295; 17.56034881860073; 8.658054668591074; 10.72591333612804; 13.84584267541882; 19.044719049513255; 8.402674087629277; 16.95859694083525; 11.25605378685443; 22.65815437450476; 11.646742296012143; 25.068045612023123; 
7.55128205128205; 5.937203443743106; 
5.832487309644669; 
8.001809845559846; 5.950048367925222; 
10.063063063063062; 6.973946392977762; 5.876669951681405; 
9.016129032258064; 0; 
7.145221368287048; 5.865936218392511; 
9.973214285714285; 5.423097548302877; 
5.675126903553299; 
6.378653452839375; 4.8846295251914755; 
7.930727874276262; 5.625276838238519; 
7.024844720496893; 6.973946392977762; 8.291050673226305; 20.921629680548218; 11.258689614762774; 10.687107765219878; 7.008231983342698; 5.0403086031062205; 
6.792790500424087; 13.889292092350924; 15.583675536206465; 8.687422116766976; 9.145502253694794; 9.917625264566965; 7.510723718070756; 6.553709943741147; 11.16721763827255; 7.656018094906914; 8.67833566211064; 9.931891363575339; 12.37312954761713; 16.832530661744514; 10.515712131976086; 10.825688869417078; 9.905497562895093; 8.222262061463354; 8.105977106582733; 10.122855720014904; 12.658673439405487; 10.898996440942621; 13.960223666880653; 10.77122709822321; 20.070298674197133; 8.042734800804949; 14.033689488603935; 9.32376576550461; 13.508889932983145; 18.0288896678666; 20.394267018596594; 12.520072049373425; 13.677192123813233; 13.425291028907358; 12.340862738258451; 10.062585028888222; 11.53998680184338; 15.883827901279478; 8.77330996572408; 8.77152655537359; 17.871411950830986; 21.93565895832201; 13.811658712238604; 31.063459939801433; 14.826378843645948; 15.22485023342001; 13.018903793064316; 9.563749088652303; 12.144486952340632; 12.763535418209326; 11.941352115940091; 9.032101434259875; 8.998394148452526; 6.367574321679978; 18.849932723619922; 13.431608818481104; 7.682695510006009; 22.941697668600565; 15.68605055451946; 15.494280692832925; 9.216956586625136; 18.17035614267532; 16.035130978570308; 13.131374166759143; 13.356223385365611; 13.721661112556173; 22.555733578811726; 12.086747776047972; 9.254147806548362; 20.642708563788005; 11.319342435314077; 14.177238461746505; 25.33388772707616; 18.709050483054142; 18.20212468153014; 11.279348928161285; 9.165121111184396; 10.153478089671644; 9.977877534407423; 13.403360518819543; 11.114059571933584; 11.826426752770178; 13.663257430580174; 9.764581569128161; 15.899259468190266; 15.504036884623716; 14.086896931835287; 13.47141102117493; 19.0861399991914; 8.488499236849023; 13.268783354556328; 13.317969845437279; 8.670490449730064; 14.84242468253164; 9.263058412620532; 12.467696635319246; 20.70307940530274; 23.22174280284967; 12.532166901359147; 10.646711403464757; 19.718720332544635; 13.565533524429235; 13.47834227427893; 14.416388618007389; 18.37703463712309; 8.62802537250614; 17.149466774944855; 14.595183197958319; 17.83861881268912; 15.59230692583422; 10.44724926315094; 14.956717448666343; 11.192675460011555; 20.87104297786471; 10.893433890914931; 19.889989458435352; 25.41575153979761; 17.519410179738184; 19.272671709966804; 13.534103352726333; 16.84663925819258; 14.371075863880417; 14.431014000430915; 13.225738497580322; 10.129715881757523; 20.07268095744915; 9.597773140408798; 14.827311084363402; 14.889033493536408; 30.699255146135382; 25.310497974851632; 17.601691978989454; 10.276895404406664; 24.319244082725177; 20.783750781779176; 15.28564893821963; 13.927909602000227; 12.209872890799371; 12.771453110104549; 10.631189944197045; 11.844146624228895; 9.062196440049492; 11.742722925584856; 16.294681739092965; 24.09059247652393; 11.627989058784108; 11.730685636891195; 15.883228491188895; 13.649654871291766; 13.523297013223317; 10.443901314124815; 13.273094285502879; 12.574768112155938; 19.300988957485416; 16.229312298316245; 14.96457427390279; 13.815979026976466; 11.429319431262968; 22.166946910747274; 12.76911581023738; 15.696225424869825; 17.388030025546158; 8.665750207265011; 11.118547532827634; 21.20748062070715; 6.606516010131937; 10.530649057946635; 10.494561507362386; 15.056591374223059; 16.19204082019873; 17.460284751638074; 12.150557386832839; 10.881554809293178; 14.96320225564785; 16.64004335045382; 7.949433524986639; 12.092176213460043; 20.825684384520866; 10.553371946885342; 14.461676886119722; 9.461897476461122; 12.22856021422646; 14.077032336769879; 15.89636635976521; 11.487307485020187; 10.65848513129292; 12.401689706421937; 17.686354711346844; 18.554453365893515; 12.594763532287947; 17.85054881619016; 12.157537564682682; 12.284177985208434; 7.229616402229168; 7.824560591013569; 11.414019626793422; 19.932897387317787; 22.05440925393132; 
7.590604026845637; 6.973946392977762; 14.209261674214744; 10.721911486663975; 19.762831466593433; 18.35545381744292; 11.65457128666152; 13.776606218548366; 6.463978954432303; 
7.95945945945946; 4.6734914100833205; 
7.95945945945946; 6.631824743416653; 15.77328497493155; 9.232798775774377; 12.846867681828245; 21.76192785235576; 7.987529527686899; 7.378574331438193; 11.177925386558927; 19.317790908403826; 41.16056329379906; 9.358780922878749; 5.268045782334948; 
10.063063063063062; 6.973946392977762; 30.0; 10.587080025989819; 9.206846177951494; 8.586388218889565; 6.802214662035364; 7.694224928166158; 7.45030104218467; 15.377928431132215; 8.68268755648904; 9.511615283644865; 13.912202050358829; 11.939915762665779; 9.143463738346648; 12.396781770287564; 12.657988864476945; 20.50775667906786; 10.040824674996038; 15.53939341734658; 18.69352050631921; 7.012315178030448; 15.689953323806229; 29.317242355074953; 8.432147967489826; 10.771486804374998; 15.810394337902089; 16.837091188558382; 7.691423865831433; 8.49341196930851; 12.261979285329394; 16.05146695651282; 12.104396877904767; 11.264625273241563; 14.552422444095424; 12.790072197615; 13.958698333226891; 11.472850212046003; 11.607609553912654; 22.51736560584448; 13.133002793902637; 15.099683813306012; 14.588078620225595; 9.437618053856205; 15.950981742098165; 17.18301897592349; 11.73161112434157; 15.203575902607971; 22.358049012897627; 14.186500179809295; 12.653794247580688; 16.39715982119519; 23.437659737768108; 10.70741527274242; 10.091009599129631; 15.718798425305202; 16.571532839631708; 9.53045979154405; 23.229551866617406; 5.0873070496903745; 
7.358974358974359; 0.39212307822187054; 
7.136645962732919; 4.89937194129365; 
9.873873873873876; 12.813269234552054; 8.858939817098223; 9.639074090945602; 
9.839285714285714; 6.897370074343849; 7.959843001390225; 8.607223402832657; 13.714899281951777; 9.164049686434817; 8.376216813143525; 17.573143577516248; 12.725218058290245; 9.869377547852661; 41.16056329379906; 14.830306962276772; 7.4425124913523515; 7.988636076580249; 7.976844147706426; 11.357132814207656; 15.39370443498984; 11.104553507087997; 14.801149057442553; 10.120714048347065; 14.647130572389013; 13.848387730088866; 11.184571646767315; 9.575128824965462; 15.851597367274124; 10.759460421726596; 13.08164414461092; 19.14108871914051; 23.487369346694397; 8.280470845291505; 13.403189416674227; 13.488127992747192; 12.006251885271476; 12.430174284852741; 15.172562771149655; 15.389299433587077; 9.10297170379448; 8.4508598541174; 16.290247876535467; 20.32421346384335; 9.917941479552042; 24.86927243897636; 10.497978473669555; 12.085668611064763; 15.476471244430623; 10.996258191639035; 21.880485147419172; 14.163567709722155; 8.59547176009675; 9.212315413502502; 10.098120658800374; 15.48669697688032; 17.508140106654416; 15.797902385713703; 12.051839226905162; 7.032271573258896; 12.732256573773961; 10.422692826033208; 8.270802310319318; 22.510372568002122; 17.247931504522626; 12.279470193607338; 14.336319350437993; 15.994485013564047; 11.595505149328854; 17.93794035478818; 14.548777924934383; 17.410462261924046; 14.064357434873369; 11.179826265399285; 20.44270283149742; 22.209517446602344; 8.77436742099314; 13.120153814171509; 20.591568623889337; 11.213847417781547; 12.582344403325479; 12.140947857589836; 8.669149171395542; 10.930038368808077; 6.889411734389158; 6.779676150736399; 12.189928964447024; 17.377579033388812; 13.235488082037197; 9.126454045473992; 11.824198256594148; 9.049021011395858; 10.68668523029396; 12.639670228437023; 11.696896426173291; 11.86011697305105; 11.560504687603116; 9.217536026494257; 15.614943674223035; 19.367447069206577; 11.069872042517932; 10.48806708056054; 13.061074232828132; 17.599607900368593; 8.477426568932795; 15.294744939951418; 22.884052061381315; 12.982405434864084; 16.201761959062935; 17.80532374845886; 18.056095317402523; 10.723355287167571; 14.582315189882939; 12.227440144951746; 10.849429521207806; 11.237352004636337; 33.478757722419424; 9.875442492520026; 19.42051165185115; 12.092670676798718; 16.531771220369237; 19.548403961026445; 22.304878632653597; 17.950312167739735; 14.486975786060437; 10.113935657616453; 10.922755395170437; 20.116690972913734; 11.001698177611988; 8.323145047422488; 9.334076406627306; 9.937410749365633; 5.764684004807796; 
7.362033066438805; 6.651502775596113; 18.651919812499997; 18.694688336864846; 8.727128959630306; 8.859324317192076; 6.445661963484794; 13.239341864836316; 9.19857211690183; 17.91403337988301; 9.549066911436793; 6.640444699140647; 6.645367175454508; 10.712287045305066; 14.900946190573286; 22.362001093637094; 8.542713350840021; 10.723927060607245; 5.001573492258668; 
7.833232956820866; 7.432183943854529; 12.675497235908232; 14.205258807897067; 10.008940584335399; 6.51880380793934; 5.082878647352249; 
9.839285714285714; 0; 
7.503355704697986; 6.752499571707566; 5.6001207774846335; 
7.136645962732919; 6.080889489420548; 10.511596956504407; 15.923874760858372; 8.564619474832071; 6.39502905209239; 8.173737380500093; 11.754397904225208; 8.885370399395326; 19.044115886001478; 7.378966588340105; 18.44711175720971; 8.100874432379497; 8.639466724511015; 10.303653282806707; 13.106875697056477; 6.589918287079138; 7.964135641398033; 13.31439689808956; 12.77813514248048; 9.461150746570725; 9.080062163142388; 8.742859255998065; 10.317504681635562; 7.777603290078724; 20.60894814563587; 16.534412497382476; 10.811936591491147; 7.9684128008702215; 14.21893240899889; 12.398093824767189; 9.198199222452656; 21.318264870624226; 10.87200947698257; 11.373967198207122; 9.191218467384022; 7.906112824514439; 15.060691336894003; 7.798376040791738; 10.368576795709336; 15.242622988413812; 21.07762588209898; 12.252770696640082; 11.202625107258994; 18.70433123398915; 12.117888623878311; 12.187078314185893; 11.591713718362207; 17.391243919744973; 8.511243460013086; 15.662141189185446; 12.311622598434743; 9.392840739100363; 9.29357034431889; 11.934689800465124; 23.983679452985257; 6.451400148351878; 17.708653082869308; 10.743748696951734; 13.837473275522928; 7.982756353570261; 14.68403008385618; 13.637261834166935; 16.094889567431927; 16.0208574753173; 12.972567396532604; 20.321009935613993; 13.531379862497769; 13.634215640795116; 9.190147817293182; 15.194301979828559; 14.546175771234848; 9.851414948772998; 9.2996345673088; 12.776298666137595; 9.95867966978326; 11.674603113576369; 9.969559045302326; 15.705471858296995; 13.362306395776468; 19.868948227375668; 17.889312877808855; 11.45402742796939; 12.822269061989118; 11.999437314285643; 11.65830692664128; 9.985952684296631; 17.406020420376702; 14.096231906013942; 10.941761313161807; 14.809295561751519; 15.06481369085872; 17.787519066209576; 27.23765649780725; 25.123820480192045; 7.976670836424371; 21.394632096097475; 11.863948456646668; 20.99972993354854; 12.96860715568706; 20.55169333053032; 16.19110527532142; 14.705111855454652; 11.56530659048791; 9.347297250687394; 13.633608402347942; 14.940120594981401; 12.04795842972037; 14.54529679068307; 9.783229701995973; 12.942223932129743; 12.79900506623296; 9.360833479896126; 5.905258501643023; 
6.56386905650531; 5.774123185735223; 
10.163636363636364; 16.110707907649076; 7.056737091212014; 8.797989258098905; 13.478632669187109; 16.017683427498433; 12.97447685504182; 13.901908213120107; 8.454507552597374; 15.460559627518174; 6.521057908362488; 8.987150977706612; 13.892056197086923; 14.840424426100208; 17.020742575301067; 10.039725276766394; 10.10119333005974; 6.2666884415058055; 10.69516569721787; 10.960629568724151; 18.799976887397868; 11.17931401596766; 10.14372663687078; 15.385452093006784; 15.898999066855847; 10.01583901804459; 9.749290669078539; 18.496439127353877; 27.96480578954964; 10.28321043976002; 21.672073877337034; 12.887008148587284; 9.24245492518636; 16.66328145588775; 11.1144399526489; 15.580203175105389; 15.37890076527664; 13.067470674072423; 5.99075760055735; 
5.903553299492386; 
9.008064516129032; 6.1029485542801805; 12.344589356552241; 18.51596954495001; 9.080203124904786; 9.022532200740699; 7.364548500548203; 14.972345841329819; 9.467842442179785; 10.150950230754678; 8.100726130230326; 7.930883713330051; 33.306678031931376; 0; 
9.016129032258064; 6.084942940116382; 6.228521803533258; 14.188463420201442; 19.930521744919538; 8.134073513637734; 7.34272522955839; 8.625311734099192; 0; 
8.011475997745785; 6.1029485542801805; 10.541324463793535; 19.525; 9.639074090945602; 10.008940584335399; 8.427388137575253; 9.206725737784087; 7.887371653077282; 6.988897677328303; 7.298769676207178; 5.78289438353049; 
6.021857923497267; 6.5380747434166535; 16.947591443956632; 8.05478211797168; 7.968039522115872; 7.795238700288702; 10.80759456851439; 4.921822015462242; 
6.122222222222222; 6.1029485542801805; 10.097507253613816; 34.7938264625; 10.949712148299074; 10.9925591293666; 7.047309583475745; 6.463978954432303; 
6.377777777777776; 6.719735908170199; 20.180410643447757; 30.0; 8.57418789053693; 9.996911518129773; 10.008940584335399; 12.954033208084583; 5.880631268027555; 
6.810944140862173; 6.312797779199995; 7.959843001390225; 10.450204969469134; 8.368406762856125; 9.72495921991112; 11.65457128666152; 15.983755334093207; 8.599785852741716; 13.979050454541058; 9.307951537048558; 7.367842338157875; 6.7218413018350205; 10.136388802511114; 15.546809395397744; 24.914549129612865; 9.792442654858391; 10.815896386625521; 7.785096224685011; 12.506406574060538; 9.415802424067707; 15.716838385658692; 14.360547837090577; 8.39288952785874; 8.906457085899662; 10.548111012912488; 10.641251318009195; 16.774554324993353; 17.24902060668967; 12.754976015257903; 13.431384926164618; 11.787968596653851; 10.276304339492826; 17.043551442418217; 21.670288796963057; 12.314893096063969; 11.659007387359061; 12.354063473610037; 22.054393910437597; 8.716911982114947; 11.965457357559519; 15.641855644795896; 6.338359334630424; 12.835844362512036; 17.792137769280732; 13.425624080071167; 10.878709314713122; 18.965623627506737; 7.560789404013576; 8.358827399082246; 13.695547661657473; 8.250064263167541; 15.18335973147695; 9.957680419815238; 7.841579718430951; 9.031255128108755; 14.139672858693373; 12.272047161163803; 24.383203156409238; 14.563579288922377; 23.029472100131898; 13.299909749104414; 15.282848072033818; 16.920273406471715; 13.649488870197658; 9.823042250688069; 13.29254264167133; 21.421470952225473; 12.669854538028154; 14.880322570106472; 11.436416738971449; 16.544171459743183; 11.429516320674002; 12.32545459297312; 8.422439295304217; 10.376981122310546; 10.120151165467114; 14.162312097491693; 19.334443908362125; 10.965473697874405; 11.809256407262978; 10.180041097323018; 7.422355670972351; 12.912567735118348; 10.239333073311489; 12.271182423855741; 7.2053228471312085; 16.471669689542086; 10.057548686795455; 13.005909022681063; 10.984068072563224; 13.491914179547676; 15.296668081960803; 11.94855640092361; 12.630542631160997; 16.663828777626176; 8.887336064700724; 13.552248518872933; 9.8662636365855; 12.133573941788253; 9.923537393581661; 16.5435672380613; 15.125901105266781; 9.846271655682205; 11.125258034365498; 14.201195051133185; 15.880789950212499; 12.582171135200793; 12.552999873524838; 21.871248571485985; 6.635586950645789; 17.160776652909227; 15.730846291256949; 24.4065826973314; 19.972866965442797; 20.806506106433325; 24.186976740815336; 16.162067388832128; 15.417783139879687; 12.94409198199197; 13.975920819999855; 21.74079654654922; 13.066709719703615; 12.891775477365323; 14.020147174227132; 13.143406587532192; 17.783401507445305; 7.948008294484397; 19.702277001667092; 17.839546891575715; 27.522130506874085; 23.888154130613295; 12.626581495341995; 15.402674449199296; 13.698372324543307; 15.768112569577998; 15.626562991910331; 10.48247468739548; 12.326511172677119; 9.37231072050708; 15.048173033099012; 26.037526016665588; 9.68195686175706; 8.141943948099808; 17.743583039271407; 20.403172235123993; 14.324509873390824; 8.2009093711682; 11.837500113350472; 16.73753547253818; 15.705251652177761; 9.955725831389309; 11.352399110788001; 14.39157624415979; 12.020700073187706; 13.69569498930567; 17.544749169814043; 11.143855886810858; 26.682085046394615; 11.513737305619799; 9.4820164494608; 11.53861422887045; 15.59653132422667; 11.9101380322256; 11.216777986283205; 13.952353100261918; 18.473738767268493; 16.98406794622217; 13.277344954172825; 15.791320023118587; 12.010102177867193; 12.233804964855864; 9.852257743471672; 8.754980550202601; 16.67304699617265; 16.540641104829163; 15.51679599541618; 15.121424775168403; 12.392114917251778; 12.810515490643002; 12.269501085555502; 9.305737637909155; 11.391881913686447; 22.2636482335555; 14.29314434201845; 16.900252752374538; 6.358876015704293; 13.068783464894922; 12.462767200145343; 14.28869678648839; 15.58470262670664; 9.546426419186187; 11.918896868572261; 8.57696520137284; 9.911049300353257; 23.80455094745586; 14.271645071401618; 
5.741116751269035; 
6.628117271637462; 7.432183943854529; 13.844511320415275; 8.316407480903095; 22.195895812499998; 12.467603980564203; 10.702101359202782; 17.04838186209004; 10.430577867065587; 10.509112875279769; 7.956844751567532; 7.354307718371295; 12.112897538635629; 11.362776887672094; 9.201379392484752; 12.216666790422256; 10.110649498423285; 11.35548640109629; 11.68928749788326; 9.462831419008179; 11.070021073723066; 12.508876602427836; 10.08603604237587; 12.461720348218988; 11.99476760663465; 9.303751180735464; 10.308097194278377; 11.409774839029716; 23.47439422480132; 27.707763521164097; 25.493018169849417; 19.341077382999636; 10.77518039543839; 12.315161509811194; 11.151398632430636; 7.00556655272765; 13.695667572597735; 15.244449984554313; 5.850002425093486; 
8.633587786259541; 6.631824743416653; 5.771731680076469; 
6.544444444444444; 7.432183943854529; 8.17466919791237; 14.670727820007603; 10.374886740360159; 13.248972722136253; 18.159189519880307; 0; 
8.633587786259541; 30; 7.459843001390225; 17.331898660570587; 9.785461620043023; 9.02358987900449; 9.958480459336876; 12.043762579987106; 6.8471010598071596; 19.068108177541657; 27.528593123325965; 11.40164590536343; 13.479273029728414; 9.479829730201956; 9.657809519289767; 8.894252380152492; 8.144150654582697; 7.539158540816285; 8.54969673943582; 9.425581058652579; 16.861256806611316; 12.475127563640049; 11.70932305559813; 15.172788452748096; 13.006689680121829; 15.236920970637053; 10.282288726958626; 19.193134557947843; 8.219074401483454; 17.842840100972; 23.825237147021316; 19.64930243617206; 18.510658520298357; 16.88515677788898; 18.420623365005095; 12.68184312397917; 11.705288445485376; 8.051207574139887; 30.129892706065316; 11.000298667291887; 9.673447310501842; 10.596506444258548; 12.340485360553414; 29.802169841971146; 11.712921041735658; 14.99731462649662; 14.69225643365942; 20.187211850538297; 10.191303876437827; 11.446087476438844; 27.696614761807588; 9.115939691301472; 22.796578071357864; 8.780754567868321; 9.262764725192321; 21.27923073556567; 9.30938514125966; 28.761624910988782; 27.946274742655007; 26.699642648487142; 26.438267280955344; 13.04531444920163; 12.978250325586; 14.72491351765181; 14.447595853392933; 18.809348925421997; 13.535743560205443; 15.06408786295784; 14.552678517809893; 10.97074427551828; 12.225837052648847; 7.103460554153504; 21.32073562594855; 14.932301233718116; 9.43729557655157; 11.553267544930817; 12.537890716827222; 9.631750452009706; 8.062373157009233; 9.899825712099151; 11.176557793170895; 10.266687415166437; 12.759513534984867; 19.35473070221481; 12.150762827140817; 14.011307425081661; 10.48091034130891; 19.933168379216177; 14.816726693181888; 21.30833949052856; 12.470592164799722; 10.469121125635915; 19.628911852665965; 19.572083470123406; 10.550498872789184; 13.268820360275129; 8.559800531659759; 16.532413609703728; 13.533322339495207; 15.417560149444059; 20.370979092598326; 10.153692914032206; 22.72553942497562; 10.141431886890183; 17.91769518938859; 15.562379454649133; 15.625649289618709; 12.67632053423571; 13.872488237758043; 12.28314695555943; 12.011039550887418; 16.7965413321328; 9.91230294339093; 9.476493907354051; 9.362503066156968; 12.327082301134812; 26.933710401566913; 12.677833311611483; 12.626270494556808; 11.226138242957388; 14.196302031872829; 11.198790165752452; 11.003082927359598; 18.7132353718271; 16.03573013763894; 18.728391999361587; 14.058779245920356; 26.790935961541138; 15.73671828582276; 19.07712845302829; 11.817893609114869; 12.389095657256345; 13.32527556445385; 15.988435863696878; 8.954245050010124; 14.102019136289364; 17.592044406305515; 18.89076446550905; 13.86736268587881; 11.10304359025653; 9.831941204307274; 10.231399151935175; 17.496619259662253; 11.924725524876427; 14.283781654377556; 9.165400093512664; 12.226898856848432; 13.33416350772934; 12.845008040146087; 12.002151651999565; 10.856155345002316; 13.776972945237945; 10.254366843961547; 16.620272682671743; 19.31085636856038; 15.262084240578776; 12.333395045887098; 13.63939800855212; 13.741041223159083; 14.836787601505971; 14.429542799977739; 12.32174095928765; 20.680349600008995; 13.206071714488104; 11.402808788761098; 13.786783782253323; 10.062089799269707; 9.771584851033792; 10.786525246028383; 11.955792382287411; 10.887865906929262; 9.763968094211494; 13.975244691734403; 8.669738446734165; 10.386253569304731; 10.677909815171851; 9.65809624622863; 16.482076985298974; 11.283944526548273; 16.7045933091214; 19.37124731046012; 14.206747145541424; 21.912114229828994; 13.009551181810025; 10.64281583078191; 8.794597843424421; 15.334822148702482; 7.1917963006934436; 10.568504200567029; 20.13914047016539; 11.134180980120664; 11.334460426273097; 23.413320569617618; 14.044147964734211; 16.56817344082183; 6.653276856855291; 0; 
10.163636363636364; 6.306501186438853; 12.390728806086255; 14.188463420201442; 8.57418789053693; 9.421935487422694; 6.999618262332499; 6.744610259552242; 9.043701953433832; 7.8327151210759745; 10.276774240053177; 7.169537452444507; 10.652061480827795; 12.14528144635131; 13.278221648145792; 13.629920155145042; 20.236179936753963; 22.97581545564784; 8.30724056149112; 5.867428210032803; 
6.21111111111111; 0; 
